317 -20.0 1 0 0
317 -20.0 2 0 0
317 -20.0 3 0.0534689 0.0534689
317 -20.0 4 2.11071 2.11071
317 -20.0 5 3.87421 3.87421
317 -20.0 6 4.55538 4.55538
317 -20.0 7 6.01345 6.01345
317 -20.0 8 13.8534 13.8534
317 -20.0 9 13.8539 13.8539
317 -20.0 10 15.3557 15.3557
317 -20.0 11 15.4917 15.4917
317 -20.0 12 16.7339 16.7339
317 -20.0 13 20.6057 20.6057
317 -20.0 14 21.1423 21.1423
317 -20.0 15 21.1448 21.1448
317 -20.0 16 27.8019 27.8019
317 -20.0 17 36.0277 36.0277
317 -20.0 18 40.5742 40.5742
317 -20.0 19 49.4113 49.4113
317 -20.0 20 57.1644 57.1644
317 -20.0 21 69.8914 69.8914
317 -20.0 22 71.9002 71.9002
317 -20.0 23 74.547 74.547
317 -20.0 24 83.4524 83.4524
317 -20.0 25 92.1419 92.1419
317 -20.0 26 102.255 102.255
317 -20.0 27 111.995 111.995
317 -20.0 28 125.795 125.795
317 -20.0 29 135.277 135.277
317 -20.0 30 148.496 148.496
317 -20.0 31 153.055 153.055
317 -20.0 32 163.446 163.446
317 -20.0 33 163.491 163.491
317 -20.0 34 163.491 163.491
317 -20.0 35 163.491 163.491
317 -20.0 36 163.491 163.491
317 -20.0 37 163.491 163.491
317 -20.0 38 163.594 163.594
317 -20.0 39 163.594 163.594
317 -20.0 40 163.594 163.594
317 -20.0 41 163.594 163.594
317 -20.0 42 165.852 165.852
317 -20.0 43 172.21 172.21
317 -20.0 44 175.196 175.196
317 -20.0 45 187.515 187.515
317 -20.0 46 188.022 188.022
317 -20.0 47 193.582 193.582
317 -20.0 48 203.524 203.524
317 -20.0 49 224.509 224.509
317 -20.0 50 224.699 224.699
317 -20.0 51 232.967 232.967
317 -20.0 52 239.497 239.497
317 -20.0 53 249.654 249.654
317 -20.0 54 251.99 251.99
317 -20.0 55 251.99 251.99
317 -20.0 56 251.99 251.99
317 -20.0 57 251.99 251.99
317 -20.0 58 251.99 251.99
317 -20.0 59 251.99 251.99
317 -20.0 60 252.081 252.081
317 -20.0 61 252.081 252.081
317 -20.0 62 252.115 252.115
317 -20.0 63 252.219 252.219
317 -20.0 64 252.23 252.23
317 -20.0 65 252.388 252.388
317 -20.0 66 252.388 252.388
317 -20.0 67 252.416 252.416
317 -20.0 68 252.416 252.416
317 -20.0 69 252.416 252.416
317 -20.0 70 254.819 254.819
317 -20.0 71 264.114 264.114
317 -20.0 72 270.941 270.941
317 -20.0 73 272.745 272.745
317 -20.0 74 273.16 273.16
317 -20.0 75 280.437 280.437
317 -20.0 76 283.139 283.139
317 -20.0 77 283.139 283.139
317 -20.0 78 283.278 283.278
317 -20.0 79 283.278 283.278
317 -20.0 80 283.278 283.278
317 -20.0 81 283.278 283.278
317 -20.0 82 283.278 283.278
317 -20.0 83 283.278 283.278
317 -20.0 84 283.278 283.278
317 -20.0 85 283.278 283.278
317 -20.0 86 283.278 283.278
317 -20.0 87 283.481 283.481
317 -20.0 88 286.564 286.564
317 -20.0 89 286.901 286.901
317 -20.0 90 289.565 289.565
317 -20.0 91 293.427 293.427
317 -20.0 92 293.427 293.427
317 -20.0 93 293.427 293.427
317 -20.0 94 293.427 293.427
317 -20.0 95 293.427 293.427
317 -20.0 96 293.488 293.488
317 -20.0 97 293.632 293.632
317 -20.0 98 293.632 293.632
317 -20.0 99 293.632 293.632
317 -20.0 100 293.632 293.632
317 -20.0 101 293.632 293.632
317 -20.0 102 293.632 293.632
317 -20.0 103 293.632 293.632
317 -20.0 104 293.632 293.632
317 -20.0 105 293.632 293.632
317 -20.0 106 293.632 293.632
317 -20.0 107 293.632 293.632
317 -20.0 108 293.632 293.632
317 -20.0 109 293.632 293.632
317 -20.0 110 293.632 293.632
317 -20.0 111 293.632 293.632
317 -20.0 112 293.632 293.632
317 -20.0 113 293.632 293.632
317 -20.0 114 293.768 293.768
317 -20.0 115 293.827 293.827
317 -20.0 116 293.838 293.838
317 -20.0 117 293.838 293.838
317 -20.0 118 293.838 293.838
317 -20.0 119 293.838 293.838
317 -20.0 120 293.838 293.838
317 -20.0 121 293.838 293.838
317 -20.0 122 293.838 293.838
317 -20.0 123 293.838 293.838
317 -20.0 124 293.838 293.838
317 -20.0 125 293.838 293.838
317 -20.0 126 293.838 293.838
317 -20.0 127 293.838 293.838
317 -20.0 128 293.838 293.838
317 -20.0 129 293.838 293.838
317 -20.0 130 293.838 293.838
317 -20.0 131 293.838 293.838
317 -20.0 132 293.838 293.838
317 -20.0 133 293.838 293.838
317 -20.0 134 293.838 293.838
317 -20.0 135 293.838 293.838
317 -20.0 136 293.838 293.838
317 -20.0 137 293.838 293.838
317 -20.0 138 293.838 293.838
317 -20.0 139 293.838 293.838
317 -20.0 140 293.838 293.838
317 -20.0 141 293.838 293.838
317 -20.0 142 293.838 293.838
317 -20.0 143 293.838 293.838
317 -20.0 144 293.838 293.838
317 -20.0 145 293.838 293.838
317 -20.0 146 293.838 293.838
317 -20.0 147 293.838 293.838
317 -20.0 148 293.838 293.838
317 -20.0 149 293.838 293.838
317 -20.0 150 293.838 293.838
317 -20.0 151 293.838 293.838
317 -20.0 152 293.838 293.838
317 -20.0 153 293.838 293.838
317 -20.0 154 293.838 293.838
317 -20.0 155 293.838 293.838
317 -20.0 156 293.862 293.862
317 -20.0 157 294.366 294.366
317 -20.0 158 296.523 296.523
317 -20.0 159 296.535 296.535
317 -20.0 160 296.535 296.535
317 -20.0 161 296.535 296.535
317 -20.0 162 296.535 296.535
316.5 -20.0 1 0 0
316.5 -20.0 2 0 0
316.5 -20.0 3 0.0534689 0.1069378
316.5 -20.0 4 2.11071 4.22142
316.5 -20.0 5 3.87421 7.74842
316.5 -20.0 6 4.55538 9.11076
316.5 -20.0 7 6.01345 12.0269
316.5 -20.0 8 13.8534 27.7068
316.5 -20.0 9 13.8539 27.7078
316.5 -20.0 10 15.3557 30.7114
316.5 -20.0 11 15.4917 30.9834
316.5 -20.0 12 16.7339 33.4678
316.5 -20.0 13 20.6057 41.2114
316.5 -20.0 14 21.1423 42.2846
316.5 -20.0 15 21.1448 42.2896
316.5 -20.0 16 27.8019 55.6038
316.5 -20.0 17 36.0277 72.0554
316.5 -20.0 18 40.5742 81.1484
316.5 -20.0 19 49.4113 98.8226
316.5 -20.0 20 57.1644 114.3288
316.5 -20.0 21 69.8914 139.7828
316.5 -20.0 22 71.9002 143.8004
316.5 -20.0 23 74.547 149.094
316.5 -20.0 24 83.4524 166.9048
316.5 -20.0 25 92.1419 184.2838
316.5 -20.0 26 102.255 204.51
316.5 -20.0 27 111.995 223.99
316.5 -20.0 28 125.795 251.59
316.5 -20.0 29 135.277 270.554
316.5 -20.0 30 148.496 296.992
316.5 -20.0 31 153.055 306.11
316.5 -20.0 32 163.446 326.892
316.5 -20.0 33 163.491 326.982
316.5 -20.0 34 163.491 326.982
316.5 -20.0 35 163.491 326.982
316.5 -20.0 36 163.491 326.982
316.5 -20.0 37 163.491 326.982
316.5 -20.0 38 163.594 327.188
316.5 -20.0 39 163.594 327.188
316.5 -20.0 40 163.594 327.188
316.5 -20.0 41 163.594 327.188
316.5 -20.0 42 165.852 331.704
316.5 -20.0 43 172.21 344.42
316.5 -20.0 44 175.196 350.392
316.5 -20.0 45 187.515 375.03
316.5 -20.0 46 188.022 376.044
316.5 -20.0 47 193.582 387.164
316.5 -20.0 48 203.524 407.048
316.5 -20.0 49 224.509 449.018
316.5 -20.0 50 224.699 449.398
316.5 -20.0 51 232.967 465.934
316.5 -20.0 52 239.497 478.994
316.5 -20.0 53 249.654 499.308
316.5 -20.0 54 251.99 503.98
316.5 -20.0 55 251.99 503.98
316.5 -20.0 56 251.99 503.98
316.5 -20.0 57 251.99 503.98
316.5 -20.0 58 251.99 503.98
316.5 -20.0 59 251.99 503.98
316.5 -20.0 60 252.081 504.162
316.5 -20.0 61 252.081 504.162
316.5 -20.0 62 252.115 504.23
316.5 -20.0 63 252.219 504.438
316.5 -20.0 64 252.23 504.46
316.5 -20.0 65 252.388 504.776
316.5 -20.0 66 252.388 504.776
316.5 -20.0 67 252.416 504.832
316.5 -20.0 68 252.416 504.832
316.5 -20.0 69 252.416 504.832
316.5 -20.0 70 254.819 509.638
316.5 -20.0 71 264.114 528.228
316.5 -20.0 72 270.941 541.882
316.5 -20.0 73 272.745 545.49
316.5 -20.0 74 273.16 546.32
316.5 -20.0 75 280.437 560.874
316.5 -20.0 76 283.139 566.278
316.5 -20.0 77 283.139 566.278
316.5 -20.0 78 283.278 566.556
316.5 -20.0 79 283.278 566.556
316.5 -20.0 80 283.278 566.556
316.5 -20.0 81 283.278 566.556
316.5 -20.0 82 283.278 566.556
316.5 -20.0 83 283.278 566.556
316.5 -20.0 84 283.278 566.556
316.5 -20.0 85 283.278 566.556
316.5 -20.0 86 283.278 566.556
316.5 -20.0 87 283.481 566.962
316.5 -20.0 88 286.564 573.128
316.5 -20.0 89 286.901 573.802
316.5 -20.0 90 289.565 579.13
316.5 -20.0 91 293.427 586.854
316.5 -20.0 92 293.427 586.854
316.5 -20.0 93 293.427 586.854
316.5 -20.0 94 293.427 586.854
316.5 -20.0 95 293.427 586.854
316.5 -20.0 96 293.488 586.976
316.5 -20.0 97 293.632 587.264
316.5 -20.0 98 293.632 587.264
316.5 -20.0 99 293.632 587.264
316.5 -20.0 100 293.632 587.264
316.5 -20.0 101 293.632 587.264
316.5 -20.0 102 293.632 587.264
316.5 -20.0 103 293.632 587.264
316.5 -20.0 104 293.632 587.264
316.5 -20.0 105 293.632 587.264
316.5 -20.0 106 293.632 587.264
316.5 -20.0 107 293.632 587.264
316.5 -20.0 108 293.632 587.264
316.5 -20.0 109 293.632 587.264
316.5 -20.0 110 293.632 587.264
316.5 -20.0 111 293.632 587.264
316.5 -20.0 112 293.632 587.264
316.5 -20.0 113 293.632 587.264
316.5 -20.0 114 293.768 587.536
316.5 -20.0 115 293.827 587.654
316.5 -20.0 116 293.838 587.676
316.5 -20.0 117 293.838 587.676
316.5 -20.0 118 293.838 587.676
316.5 -20.0 119 293.838 587.676
316.5 -20.0 120 293.838 587.676
316.5 -20.0 121 293.838 587.676
316.5 -20.0 122 293.838 587.676
316.5 -20.0 123 293.838 587.676
316.5 -20.0 124 293.838 587.676
316.5 -20.0 125 293.838 587.676
316.5 -20.0 126 293.838 587.676
316.5 -20.0 127 293.838 587.676
316.5 -20.0 128 293.838 587.676
316.5 -20.0 129 293.838 587.676
316.5 -20.0 130 293.838 587.676
316.5 -20.0 131 293.838 587.676
316.5 -20.0 132 293.838 587.676
316.5 -20.0 133 293.838 587.676
316.5 -20.0 134 293.838 587.676
316.5 -20.0 135 293.838 587.676
316.5 -20.0 136 293.838 587.676
316.5 -20.0 137 293.838 587.676
316.5 -20.0 138 293.838 587.676
316.5 -20.0 139 293.838 587.676
316.5 -20.0 140 293.838 587.676
316.5 -20.0 141 293.838 587.676
316.5 -20.0 142 293.838 587.676
316.5 -20.0 143 293.838 587.676
316.5 -20.0 144 293.838 587.676
316.5 -20.0 145 293.838 587.676
316.5 -20.0 146 293.838 587.676
316.5 -20.0 147 293.838 587.676
316.5 -20.0 148 293.838 587.676
316.5 -20.0 149 293.838 587.676
316.5 -20.0 150 293.838 587.676
316.5 -20.0 151 293.838 587.676
316.5 -20.0 152 293.838 587.676
316.5 -20.0 153 293.838 587.676
316.5 -20.0 154 293.838 587.676
316.5 -20.0 155 293.838 587.676
316.5 -20.0 156 293.862 587.724
316.5 -20.0 157 294.366 588.732
316.5 -20.0 158 296.523 593.046
316.5 -20.0 159 296.535 593.07
316.5 -20.0 160 296.535 593.07
316.5 -20.0 161 296.535 593.07
316.5 -20.0 162 296.535 593.07
316.5 -20.5 1 0 0
316.5 -20.5 2 0 0
316.5 -20.5 3 0.0534689 0.1604067
316.5 -20.5 4 2.11071 6.33213
316.5 -20.5 5 3.87421 11.62263
316.5 -20.5 6 4.55538 13.66614
316.5 -20.5 7 6.01345 18.04035
316.5 -20.5 8 13.8534 41.5602
316.5 -20.5 9 13.8539 41.5617
316.5 -20.5 10 15.3557 46.0671
316.5 -20.5 11 15.4917 46.4751
316.5 -20.5 12 16.7339 50.2017
316.5 -20.5 13 20.6057 61.8171
316.5 -20.5 14 21.1423 63.4269
316.5 -20.5 15 21.1448 63.4344
316.5 -20.5 16 27.8019 83.4057
316.5 -20.5 17 36.0277 108.0831
316.5 -20.5 18 40.5742 121.7226
316.5 -20.5 19 49.4113 148.2339
316.5 -20.5 20 57.1644 171.4932
316.5 -20.5 21 69.8914 209.6742
316.5 -20.5 22 71.9002 215.7006
316.5 -20.5 23 74.547 223.641
316.5 -20.5 24 83.4524 250.3572
316.5 -20.5 25 92.1419 276.4257
316.5 -20.5 26 102.255 306.765
316.5 -20.5 27 111.995 335.985
316.5 -20.5 28 125.795 377.385
316.5 -20.5 29 135.277 405.831
316.5 -20.5 30 148.496 445.488
316.5 -20.5 31 153.055 459.165
316.5 -20.5 32 163.446 490.338
316.5 -20.5 33 163.491 490.473
316.5 -20.5 34 163.491 490.473
316.5 -20.5 35 163.491 490.473
316.5 -20.5 36 163.491 490.473
316.5 -20.5 37 163.491 490.473
316.5 -20.5 38 163.594 490.782
316.5 -20.5 39 163.594 490.782
316.5 -20.5 40 163.594 490.782
316.5 -20.5 41 163.594 490.782
316.5 -20.5 42 165.852 497.556
316.5 -20.5 43 172.21 516.63
316.5 -20.5 44 175.196 525.588
316.5 -20.5 45 187.515 562.545
316.5 -20.5 46 188.022 564.066
316.5 -20.5 47 193.582 580.746
316.5 -20.5 48 203.524 610.572
316.5 -20.5 49 224.509 673.527
316.5 -20.5 50 224.699 674.097
316.5 -20.5 51 232.967 698.901
316.5 -20.5 52 239.497 718.491
316.5 -20.5 53 249.654 748.962
316.5 -20.5 54 251.99 755.97
316.5 -20.5 55 251.99 755.97
316.5 -20.5 56 251.99 755.97
316.5 -20.5 57 251.99 755.97
316.5 -20.5 58 251.99 755.97
316.5 -20.5 59 251.99 755.97
316.5 -20.5 60 252.081 756.243
316.5 -20.5 61 252.081 756.243
316.5 -20.5 62 252.115 756.345
316.5 -20.5 63 252.219 756.657
316.5 -20.5 64 252.23 756.69
316.5 -20.5 65 252.388 757.164
316.5 -20.5 66 252.388 757.164
316.5 -20.5 67 252.416 757.248
316.5 -20.5 68 252.416 757.248
316.5 -20.5 69 252.416 757.248
316.5 -20.5 70 254.819 764.457
316.5 -20.5 71 264.114 792.342
316.5 -20.5 72 270.941 812.823
316.5 -20.5 73 272.745 818.235
316.5 -20.5 74 273.16 819.48
316.5 -20.5 75 280.437 841.311
316.5 -20.5 76 283.139 849.417
316.5 -20.5 77 283.139 849.417
316.5 -20.5 78 283.278 849.834
316.5 -20.5 79 283.278 849.834
316.5 -20.5 80 283.278 849.834
316.5 -20.5 81 283.278 849.834
316.5 -20.5 82 283.278 849.834
316.5 -20.5 83 283.278 849.834
316.5 -20.5 84 283.278 849.834
316.5 -20.5 85 283.278 849.834
316.5 -20.5 86 283.278 849.834
316.5 -20.5 87 283.481 850.443
316.5 -20.5 88 286.564 859.692
316.5 -20.5 89 286.901 860.703
316.5 -20.5 90 289.565 868.695
316.5 -20.5 91 293.427 880.281
316.5 -20.5 92 293.427 880.281
316.5 -20.5 93 293.427 880.281
316.5 -20.5 94 293.427 880.281
316.5 -20.5 95 293.427 880.281
316.5 -20.5 96 293.488 880.464
316.5 -20.5 97 293.632 880.896
316.5 -20.5 98 293.632 880.896
316.5 -20.5 99 293.632 880.896
316.5 -20.5 100 293.632 880.896
316.5 -20.5 101 293.632 880.896
316.5 -20.5 102 293.632 880.896
316.5 -20.5 103 293.632 880.896
316.5 -20.5 104 293.632 880.896
316.5 -20.5 105 293.632 880.896
316.5 -20.5 106 293.632 880.896
316.5 -20.5 107 293.632 880.896
316.5 -20.5 108 293.632 880.896
316.5 -20.5 109 293.632 880.896
316.5 -20.5 110 293.632 880.896
316.5 -20.5 111 293.632 880.896
316.5 -20.5 112 293.632 880.896
316.5 -20.5 113 293.632 880.896
316.5 -20.5 114 293.768 881.304
316.5 -20.5 115 293.827 881.481
316.5 -20.5 116 293.838 881.514
316.5 -20.5 117 293.838 881.514
316.5 -20.5 118 293.838 881.514
316.5 -20.5 119 293.838 881.514
316.5 -20.5 120 293.838 881.514
316.5 -20.5 121 293.838 881.514
316.5 -20.5 122 293.838 881.514
316.5 -20.5 123 293.838 881.514
316.5 -20.5 124 293.838 881.514
316.5 -20.5 125 293.838 881.514
316.5 -20.5 126 293.838 881.514
316.5 -20.5 127 293.838 881.514
316.5 -20.5 128 293.838 881.514
316.5 -20.5 129 293.838 881.514
316.5 -20.5 130 293.838 881.514
316.5 -20.5 131 293.838 881.514
316.5 -20.5 132 293.838 881.514
316.5 -20.5 133 293.838 881.514
316.5 -20.5 134 293.838 881.514
316.5 -20.5 135 293.838 881.514
316.5 -20.5 136 293.838 881.514
316.5 -20.5 137 293.838 881.514
316.5 -20.5 138 293.838 881.514
316.5 -20.5 139 293.838 881.514
316.5 -20.5 140 293.838 881.514
316.5 -20.5 141 293.838 881.514
316.5 -20.5 142 293.838 881.514
316.5 -20.5 143 293.838 881.514
316.5 -20.5 144 293.838 881.514
316.5 -20.5 145 293.838 881.514
316.5 -20.5 146 293.838 881.514
316.5 -20.5 147 293.838 881.514
316.5 -20.5 148 293.838 881.514
316.5 -20.5 149 293.838 881.514
316.5 -20.5 150 293.838 881.514
316.5 -20.5 151 293.838 881.514
316.5 -20.5 152 293.838 881.514
316.5 -20.5 153 293.838 881.514
316.5 -20.5 154 293.838 881.514
316.5 -20.5 155 293.838 881.514
316.5 -20.5 156 293.862 881.586
316.5 -20.5 157 294.366 883.098
316.5 -20.5 158 296.523 889.569
316.5 -20.5 159 296.535 889.605
316.5 -20.5 160 296.535 889.605
316.5 -20.5 161 296.535 889.605
316.5 -20.5 162 296.535 889.605
317 -20.5 1 0 0
317 -20.5 2 0 0
317 -20.5 3 0.0534689 0.2138756
317 -20.5 4 2.11071 8.44284
317 -20.5 5 3.87421 15.49684
317 -20.5 6 4.55538 18.22152
317 -20.5 7 6.01345 24.0538
317 -20.5 8 13.8534 55.4136
317 -20.5 9 13.8539 55.4156
317 -20.5 10 15.3557 61.4228
317 -20.5 11 15.4917 61.9668
317 -20.5 12 16.7339 66.9356
317 -20.5 13 20.6057 82.4228
317 -20.5 14 21.1423 84.5692
317 -20.5 15 21.1448 84.5792
317 -20.5 16 27.8019 111.2076
317 -20.5 17 36.0277 144.1108
317 -20.5 18 40.5742 162.2968
317 -20.5 19 49.4113 197.6452
317 -20.5 20 57.1644 228.6576
317 -20.5 21 69.8914 279.5656
317 -20.5 22 71.9002 287.6008
317 -20.5 23 74.547 298.188
317 -20.5 24 83.4524 333.8096
317 -20.5 25 92.1419 368.5676
317 -20.5 26 102.255 409.02
317 -20.5 27 111.995 447.98
317 -20.5 28 125.795 503.18
317 -20.5 29 135.277 541.108
317 -20.5 30 148.496 593.984
317 -20.5 31 153.055 612.22
317 -20.5 32 163.446 653.784
317 -20.5 33 163.491 653.964
317 -20.5 34 163.491 653.964
317 -20.5 35 163.491 653.964
317 -20.5 36 163.491 653.964
317 -20.5 37 163.491 653.964
317 -20.5 38 163.594 654.376
317 -20.5 39 163.594 654.376
317 -20.5 40 163.594 654.376
317 -20.5 41 163.594 654.376
317 -20.5 42 165.852 663.408
317 -20.5 43 172.21 688.84
317 -20.5 44 175.196 700.784
317 -20.5 45 187.515 750.06
317 -20.5 46 188.022 752.088
317 -20.5 47 193.582 774.328
317 -20.5 48 203.524 814.096
317 -20.5 49 224.509 898.036
317 -20.5 50 224.699 898.796
317 -20.5 51 232.967 931.868
317 -20.5 52 239.497 957.988
317 -20.5 53 249.654 998.616
317 -20.5 54 251.99 1007.96
317 -20.5 55 251.99 1007.96
317 -20.5 56 251.99 1007.96
317 -20.5 57 251.99 1007.96
317 -20.5 58 251.99 1007.96
317 -20.5 59 251.99 1007.96
317 -20.5 60 252.081 1008.324
317 -20.5 61 252.081 1008.324
317 -20.5 62 252.115 1008.46
317 -20.5 63 252.219 1008.876
317 -20.5 64 252.23 1008.92
317 -20.5 65 252.388 1009.552
317 -20.5 66 252.388 1009.552
317 -20.5 67 252.416 1009.664
317 -20.5 68 252.416 1009.664
317 -20.5 69 252.416 1009.664
317 -20.5 70 254.819 1019.276
317 -20.5 71 264.114 1056.456
317 -20.5 72 270.941 1083.764
317 -20.5 73 272.745 1090.98
317 -20.5 74 273.16 1092.64
317 -20.5 75 280.437 1121.748
317 -20.5 76 283.139 1132.556
317 -20.5 77 283.139 1132.556
317 -20.5 78 283.278 1133.112
317 -20.5 79 283.278 1133.112
317 -20.5 80 283.278 1133.112
317 -20.5 81 283.278 1133.112
317 -20.5 82 283.278 1133.112
317 -20.5 83 283.278 1133.112
317 -20.5 84 283.278 1133.112
317 -20.5 85 283.278 1133.112
317 -20.5 86 283.278 1133.112
317 -20.5 87 283.481 1133.924
317 -20.5 88 286.564 1146.256
317 -20.5 89 286.901 1147.604
317 -20.5 90 289.565 1158.26
317 -20.5 91 293.427 1173.708
317 -20.5 92 293.427 1173.708
317 -20.5 93 293.427 1173.708
317 -20.5 94 293.427 1173.708
317 -20.5 95 293.427 1173.708
317 -20.5 96 293.488 1173.952
317 -20.5 97 293.632 1174.528
317 -20.5 98 293.632 1174.528
317 -20.5 99 293.632 1174.528
317 -20.5 100 293.632 1174.528
317 -20.5 101 293.632 1174.528
317 -20.5 102 293.632 1174.528
317 -20.5 103 293.632 1174.528
317 -20.5 104 293.632 1174.528
317 -20.5 105 293.632 1174.528
317 -20.5 106 293.632 1174.528
317 -20.5 107 293.632 1174.528
317 -20.5 108 293.632 1174.528
317 -20.5 109 293.632 1174.528
317 -20.5 110 293.632 1174.528
317 -20.5 111 293.632 1174.528
317 -20.5 112 293.632 1174.528
317 -20.5 113 293.632 1174.528
317 -20.5 114 293.768 1175.072
317 -20.5 115 293.827 1175.308
317 -20.5 116 293.838 1175.352
317 -20.5 117 293.838 1175.352
317 -20.5 118 293.838 1175.352
317 -20.5 119 293.838 1175.352
317 -20.5 120 293.838 1175.352
317 -20.5 121 293.838 1175.352
317 -20.5 122 293.838 1175.352
317 -20.5 123 293.838 1175.352
317 -20.5 124 293.838 1175.352
317 -20.5 125 293.838 1175.352
317 -20.5 126 293.838 1175.352
317 -20.5 127 293.838 1175.352
317 -20.5 128 293.838 1175.352
317 -20.5 129 293.838 1175.352
317 -20.5 130 293.838 1175.352
317 -20.5 131 293.838 1175.352
317 -20.5 132 293.838 1175.352
317 -20.5 133 293.838 1175.352
317 -20.5 134 293.838 1175.352
317 -20.5 135 293.838 1175.352
317 -20.5 136 293.838 1175.352
317 -20.5 137 293.838 1175.352
317 -20.5 138 293.838 1175.352
317 -20.5 139 293.838 1175.352
317 -20.5 140 293.838 1175.352
317 -20.5 141 293.838 1175.352
317 -20.5 142 293.838 1175.352
317 -20.5 143 293.838 1175.352
317 -20.5 144 293.838 1175.352
317 -20.5 145 293.838 1175.352
317 -20.5 146 293.838 1175.352
317 -20.5 147 293.838 1175.352
317 -20.5 148 293.838 1175.352
317 -20.5 149 293.838 1175.352
317 -20.5 150 293.838 1175.352
317 -20.5 151 293.838 1175.352
317 -20.5 152 293.838 1175.352
317 -20.5 153 293.838 1175.352
317 -20.5 154 293.838 1175.352
317 -20.5 155 293.838 1175.352
317 -20.5 156 293.862 1175.448
317 -20.5 157 294.366 1177.464
317 -20.5 158 296.523 1186.092
317 -20.5 159 296.535 1186.14
317 -20.5 160 296.535 1186.14
317 -20.5 161 296.535 1186.14
317 -20.5 162 296.535 1186.14
